1.691921
4.772158
2.228072
1.791915
-1.009820
1.264714
4.486160
2.764429
2.089873
-0.213713
1.960246
-1.068423
1.332056
1.261401
0.123187
2.922195
2.104320
4.045231
2.028361
-0.796970
-1.993929
2.570328
-2.013123
-1.691796
-0.335434
2.421469
0.953262
1.522247
2.307723
-0.845982
-2.198008
0.553094
-0.127496
1.913010
-2.204780
2.842257
-1.703828
0.672288
4.148672
0.513669
-1.573494
-1.025935
0.374103
1.351680
0.202253
-0.426134
2.066625
-1.247188
0.185205
-0.502265
-1.442935
2.471272
0.946446
2.178735
3.838254
2.638217
-1.531767
-0.756411
1.162637
0.413520
-2.255590
-1.461655
-0.459983
1.015591
2.021466
2.785442
3.509239
0.887504
1.796147
-1.330171
-1.079963
2.443384
1.257662
-0.439919
2.512035
1.433203
2.331142
3.181073
3.191729
-0.532254
1.922002
-1.434069
-0.843127
1.440637
-1.232461
-0.352630
0.012918
2.714999
4.463925
-2.070475
-0.984119
-0.933301
0.130168
2.601528
1.611392
-0.612048
2.770932
-0.872162
-2.419233
3.227697
-2.189850
-0.923357
0.138402
1.573867
3.678269
1.383830
4.300616
2.934093
1.704254
0.915762
1.404917
2.449394
-2.659372
-0.569457
-0.804375
-0.426794
0.433255
1.611507
0.823349
-0.174256
-0.373792
-1.100051
1.287835
-0.825758
-1.790848
-0.953734
-1.446547
1.016831
3.161544
2.036419
3.621316
0.696351
2.288318
-1.732327
2.742461
3.566041
3.228189
-2.480768
2.818075
2.010451
-0.766009
-1.383189
-2.155689
-0.375045
-1.354939
1.604251
2.202025
0.775718
4.752352
-1.923063
1.431038
3.184858
-0.487632
3.492831
1.621713
3.679153
0.944142
-1.645731
4.777283
-0.588391
1.628279
0.760443
3.324021
-0.760524
-2.584795
0.916057
5.564035
1.985880
-0.399447
-1.621611
1.496117
-0.513795
-1.113927
-0.928896
1.978570
0.847607
3.407367
1.561673
1.443907
-0.863507
-1.046863
-1.365071
-0.911030
0.479113
-0.621103
-1.458560
0.956566
1.713323
-2.103191
4.190901
2.245121
-1.814377
-0.915573
-2.010463
-0.592358
-1.127026
-0.970593
-0.746711
-0.402400
1.028274
0.239539
1.875325
1.012504
2.509978
-2.298279
-0.398997
-0.785524
0.666126
1.619311
3.005435
4.911758
1.578693
3.658354
0.967213
2.248269
1.751003
2.408308
1.402265
-1.994976
1.675071
2.527596
1.392627
1.778782
2.482399
2.647074
-1.513515
-1.187860
-0.390581
-0.768468
-1.943528
0.083510
-1.431646
-1.489000
0.291686
-1.076743
1.876745
-1.225902
-1.587711
0.007339
5.614984
3.801009
1.569210
-1.080416
-0.748769
1.985435
1.315568
3.120842
-1.796822
4.348686
-0.115875
-1.226334
-0.389185
-0.917459
-2.052138
-0.354715
